2.00 3.21
2.02 3.21
2.03 3.24
2.05 3.25
2.07 3.30
2.08 3.36
2.10 3.44
2.12 3.49
2.13 3.55
2.15 3.61
2.17 3.67
2.18 3.77
2.20 3.83
2.22 3.88
2.23 3.97
2.25 4.02
2.27 4.09
2.28 4.15
2.30 4.20
2.32 4.24
2.33 4.28
2.35 4.33
2.37 4.35
2.38 4.41
2.40 4.42
2.42 4.43
2.43 4.43
2.45 4.43
2.47 4.42
2.48 4.42
2.50 4.41
2.52 4.39
2.53 4.33
2.55 4.31
2.57 4.26
2.58 4.22
2.60 4.15
2.62 4.10
2.63 4.04
2.65 3.98
2.67 3.92
2.68 3.85
2.70 3.77
2.72 3.72
2.73 3.64
2.75 3.58
2.77 3.50
2.78 3.45
2.80 3.39
2.82 3.35
2.83 3.30
2.85 3.27
2.87 3.25
2.88 3.23
2.90 3.22
2.92 3.22
2.93 3.24
2.95 3.22
2.97 3.25
2.98 3.27
3.00 3.35
3.02 3.39
3.03 3.44
3.05 3.53
3.07 3.60
3.08 3.65
3.10 3.69
3.12 3.78
3.13 3.84
3.15 3.92
3.17 3.97
3.18 4.03
3.20 4.07
3.22 4.15
3.23 4.18
3.25 4.23
3.27 4.27
3.28 4.30
3.30 4.33
3.32 4.35
3.33 4.36
3.35 4.37
3.37 4.37
3.38 4.37
3.40 4.37
3.42 4.36
3.43 4.34
3.45 4.32
3.47 4.28
3.48 4.25
3.50 4.20
3.52 4.16
3.53 4.11
3.55 4.05
3.57 3.99
3.58 3.92
3.60 3.86
3.62 3.81
3.63 3.71
3.65 3.66
3.67 3.59
3.68 3.54
3.70 3.48
3.72 3.44
3.73 3.37
3.75 3.36
3.77 3.31
3.78 3.28
3.80 3.26
3.82 3.23
3.83 3.22
3.85 3.23
3.87 3.24
3.88 3.25
3.90 3.30
3.92 3.36
3.93 3.37
3.95 3.46
3.97 3.51
3.98 3.56
4.00 3.62
4.02 3.69
4.03 3.70
4.05 3.81
4.07 3.83
4.08 3.93
4.10 3.99
4.12 4.05
4.13 4.12
4.15 4.11
4.17 4.15
4.18 4.20
4.20 4.23
4.22 4.28
4.23 4.30
4.25 4.32
4.27 4.33
4.28 4.34
4.30 4.33
4.32 4.33
4.33 4.32
4.35 4.31
4.37 4.28
4.38 4.25
4.40 4.21
4.42 4.16
4.43 4.13
4.45 4.08
4.47 4.05
4.48 3.98
4.50 3.94
4.52 3.89
4.53 3.82
4.55 3.74
4.57 3.69
4.58 3.62
4.60 3.55
4.62 3.50
4.63 3.46
4.65 3.40
4.67 3.36
4.68 3.33
4.70 3.29
4.72 3.26
4.73 3.26
4.75 3.24
4.77 3.24
4.78 3.23
4.80 3.27
4.82 3.30
4.83 3.33
4.85 3.37
4.87 3.42
4.88 3.49
4.90 3.53
4.92 3.55
4.93 3.66
4.95 3.70
4.97 3.73
4.98 3.80
5.00 3.89
5.02 3.95
5.03 3.99
5.05 4.04
5.07 4.08
5.08 4.11
5.10 4.17
5.12 4.19
5.13 4.22
5.15 4.26
5.17 4.28
5.18 4.29
5.20 4.29
5.22 4.29
5.23 4.29
5.25 4.30
5.27 4.29
5.28 4.27
5.30 4.24
5.32 4.19
5.33 4.16
5.35 4.15
5.37 4.08
5.38 4.04
5.40 3.98
5.42 3.95
5.43 3.87
5.45 3.82
5.47 3.75
5.48 3.69
5.50 3.63
5.52 3.57
5.53 3.52
5.55 3.50
5.57 3.43
5.58 3.41
5.60 3.37
5.62 3.34
5.63 3.31
5.65 3.29
5.67 3.28
5.68 3.28
5.70 3.29
5.72 3.29
5.73 3.31
5.75 3.33
5.77 3.35
5.78 3.38
5.80 3.47
5.82 3.51
5.83 3.55
5.85 3.61
5.87 3.69
5.88 3.73
5.90 3.80
5.92 3.86
5.93 3.91
5.95 3.97
5.97 4.02
5.98 4.06
6.00 4.09
6.02 4.13
6.03 4.17
6.05 4.20
6.07 4.22
6.08 4.25
6.10 4.27
6.12 4.27
6.13 4.27
6.15 4.28
6.17 4.27
6.18 4.27
6.20 4.25
6.22 4.25
6.23 4.21
6.25 4.16
6.27 4.14
6.28 4.11
6.30 4.07
6.32 4.02
6.33 3.97
6.35 3.92
6.37 3.87
6.38 3.81
6.40 3.75
6.42 3.69
6.43 3.63
6.45 3.59
6.47 3.53
6.48 3.47
6.50 3.44
6.52 3.38
6.53 3.35
6.55 3.33
6.57 3.33
6.58 3.31
6.60 3.29
6.62 3.29
6.63 3.31
6.65 3.31
6.67 3.35
6.68 3.41
6.70 3.43
6.72 3.48
6.73 3.49
6.75 3.54
6.77 3.60
6.78 3.65
6.80 3.70
6.82 3.76
6.83 3.83
6.85 3.88
6.87 3.94
6.88 3.98
6.90 4.01
6.92 4.05
6.93 4.08
6.95 4.12
6.97 4.16
6.98 4.19
7.00 4.21
7.02 4.24
7.03 4.23
7.05 4.24
7.07 4.24
7.08 4.24
7.10 4.24
7.12 4.23
7.13 4.21
7.15 4.18
7.17 4.16
7.18 4.13
7.20 4.08
7.22 4.05
7.23 4.01
7.25 3.95
7.27 3.91
7.28 3.87
7.30 3.81
7.32 3.75
7.33 3.70
7.35 3.65
7.37 3.60
7.38 3.54
7.40 3.50
7.42 3.47
7.43 3.44
7.45 3.39
7.47 3.36
7.48 3.33
7.50 3.32
7.52 3.31
7.53 3.31
7.55 3.32
