2.00 0.321
2.02 0.321
2.03 0.324
2.05 0.325
2.07 0.330
2.08 0.336
2.10 0.344
2.12 0.349
2.13 0.355
2.15 0.361
2.17 0.367
2.18 0.377
2.20 0.383
2.22 0.388
2.23 0.397
2.25 0.402
2.27 0.409
2.28 0.415
2.30 0.420
2.32 0.424
2.33 0.428
2.35 0.433
2.37 0.435
2.38 0.441
2.40 0.442
2.42 0.443
2.43 0.443
2.45 0.443
2.47 0.442
2.48 0.442
2.50 0.441
2.52 0.439
2.53 0.433
2.55 0.431
2.57 0.426
2.58 0.422
2.60 0.415
2.62 0.410
2.63 0.404
2.65 0.398
2.67 0.392
2.68 0.385
2.70 0.377
2.72 0.372
2.73 0.364
2.75 0.358
2.77 0.350
2.78 0.345
2.80 0.339
2.82 0.335
2.83 0.330
2.85 0.327
2.87 0.325
2.88 0.323
2.90 0.322
2.92 0.322
2.93 0.324
2.95 0.322
2.97 0.325
2.98 0.327
3.00 0.335
3.02 0.339
3.03 0.344
3.05 0.353
3.07 0.360
3.08 0.365
3.10 0.369
3.12 0.378
3.13 0.384
3.15 0.392
3.17 0.397
3.18 0.403
3.20 0.407
3.22 0.415
3.23 0.418
3.25 0.423
3.27 0.427
3.28 0.430
3.30 0.433
3.32 0.435
3.33 0.436
3.35 0.437
3.37 0.437
3.38 0.437
3.40 0.437
3.42 0.436
3.43 0.434
3.45 0.432
3.47 0.428
3.48 0.425
3.50 0.420
3.52 0.416
3.53 0.411
3.55 0.405
3.57 0.399
3.58 0.392
3.60 0.386
3.62 0.381
3.63 0.371
3.65 0.366
3.67 0.359
3.68 0.354
3.70 0.348
3.72 0.344
3.73 0.337
3.75 0.336
3.77 0.331
3.78 0.328
3.80 0.326
3.82 0.323
3.83 0.322
3.85 0.323
3.87 0.324
3.88 0.325
3.90 0.330
3.92 0.336
3.93 0.337
3.95 0.346
3.97 0.351
3.98 0.356
4.00 0.362
4.02 0.369
4.03 0.370
4.05 0.381
4.07 0.383
4.08 0.393
4.10 0.399
4.12 0.405
4.13 0.412
4.15 0.411
4.17 0.415
4.18 0.420
4.20 0.423
4.22 0.428
4.23 0.430
4.25 0.432
4.27 0.433
4.28 0.434
4.30 0.433
4.32 0.433
4.33 0.432
4.35 0.431
4.37 0.428
4.38 0.425
4.40 0.421
4.42 0.416
4.43 0.413
4.45 0.408
4.47 0.405
4.48 0.398
4.50 0.394
4.52 0.389
4.53 0.382
4.55 0.374
4.57 0.369
4.58 0.362
4.60 0.355
4.62 0.350
4.63 0.346
4.65 0.340
4.67 0.336
4.68 0.333
4.70 0.329
4.72 0.326
4.73 0.326
4.75 0.324
4.77 0.324
4.78 0.323
4.80 0.327
4.82 0.330
4.83 0.333
4.85 0.337
4.87 0.342
4.88 0.349
4.90 0.353
4.92 0.355
4.93 0.366
4.95 0.370
4.97 0.373
4.98 0.380
5.00 0.389
5.02 0.395
5.03 0.399
5.05 0.404
5.07 0.408
5.08 0.411
5.10 0.417
5.12 0.419
5.13 0.422
5.15 0.426
5.17 0.428
5.18 0.429
5.20 0.429
5.22 0.429
5.23 0.429
5.25 0.430
5.27 0.429
5.28 0.427
5.30 0.424
5.32 0.419
5.33 0.416
5.35 0.415
5.37 0.408
5.38 0.404
5.40 0.398
5.42 0.395
5.43 0.387
5.45 0.382
5.47 0.375
5.48 0.369
5.50 0.363
5.52 0.357
5.53 0.352
5.55 0.350
5.57 0.343
5.58 0.341
5.60 0.337
5.62 0.334
5.63 0.331
5.65 0.329
5.67 0.328
5.68 0.328
5.70 0.329
5.72 0.329
5.73 0.331
5.75 0.333
5.77 0.335
5.78 0.338
5.80 0.347
5.82 0.351
5.83 0.355
5.85 0.361
5.87 0.369
5.88 0.373
5.90 0.380
5.92 0.386
5.93 0.391
5.95 0.397
5.97 0.402
5.98 0.406
6.00 0.409
6.02 0.413
6.03 0.417
6.05 0.420
6.07 0.422
6.08 0.425
6.10 0.427
6.12 0.427
6.13 0.427
6.15 0.428
6.17 0.427
6.18 0.427
6.20 0.425
6.22 0.425
6.23 0.421
6.25 0.416
6.27 0.414
6.28 0.411
6.30 0.407
6.32 0.402
6.33 0.397
6.35 0.392
6.37 0.387
6.38 0.381
6.40 0.375
6.42 0.369
6.43 0.363
6.45 0.359
6.47 0.353
6.48 0.347
6.50 0.344
6.52 0.338
6.53 0.335
6.55 0.333
6.57 0.333
6.58 0.331
6.60 0.329
6.62 0.329
6.63 0.331
6.65 0.331
6.67 0.335
6.68 0.341
6.70 0.343
6.72 0.348
6.73 0.349
6.75 0.354
6.77 0.360
6.78 0.365
6.80 0.370
6.82 0.376
6.83 0.383
6.85 0.388
6.87 0.394
6.88 0.398
6.90 0.401
6.92 0.405
6.93 0.408
6.95 0.412
6.97 0.416
6.98 0.419
7.00 0.421
7.02 0.424
7.03 0.423
7.05 0.424
7.07 0.424
7.08 0.424
7.10 0.424
7.12 0.423
7.13 0.421
7.15 0.418
7.17 0.416
7.18 0.413
7.20 0.408
7.22 0.405
7.23 0.401
7.25 0.395
7.27 0.391
7.28 0.387
7.30 0.381
7.32 0.375
7.33 0.370
7.35 0.365
7.37 0.360
7.38 0.354
7.40 0.350
7.42 0.347
7.43 0.344
7.45 0.339
7.47 0.336
7.48 0.333
7.50 0.332
7.52 0.331
7.53 0.331
7.55 0.332
